0.017050298380221665; 98.65593233097184
0.020005683432793422; 98.37561188806087
0.021142369991474855; 97.47431514343081
0.02318840579710145; 97.64446801843673
0.023870417732310314; 96.9684079327651
0.026598465473145788; 96.2933981734824
0.028189826655299816; 95.6178048995392
0.030690537084398978; 95.7881911804093
0.030690537084398978; 95.11178098594138
0.032736572890025586; 94.94372876371331
0.03341858482523445; 94.35221995235018
0.035464620630861046; 93.93051390719666
0.03751065643648764; 93.08605149050067
0.03910201761864167; 92.35409070035179
0.04092071611253198; 91.90408419416332
0.04228473998294971; 91.397476765905
0.04433077578857632; 90.722116897826
0.04364876385336744; 90.38356169179572
0.04637681159420291; 89.87765448113001
0.04705882352941178; 89.37069694407536
0.0504688832054561; 88.357832196355
0.05115089514066497; 87.5126695620664
0.0525149190110827; 86.92151085949958
0.05387894288150043; 86.33035215693276
0.05524296675191816; 85.57009090574896
0.05592497868712702; 84.97858209438581
0.057971014492753645; 84.30322222630681
0.06001705029838024; 83.96606745546178
0.060699062233589104; 83.03635354686469
0.062063086104006834; 82.44519484429786
0.06342710997442456; 81.76948486742253
0.0647911338448423; 81.09377489054722
0.06615515771526002; 80.41806491367191
0.06774651889741405; 79.7424716397287
0.06888320545609548; 78.9820936856128
0.06956521739130435; 78.39058487424967
0.07433930093776643; 76.02559995518607
0.07570332480818416; 75.34988997831076
0.07706734867860189; 74.84328255005242
0.07843137254901962; 73.82936747594314
0.08047740835464622; 73.15400760786414
0.08184143222506395; 72.30919508237184
0.08252344416027281; 71.46403244808323
0.08388746803069054; 70.87287374551642
0.08729752770673489; 68.92994498040267
0.08866155157715262; 68.42333755214432
0.09070758738277922; 67.07156748959738
0.09207161125319695; 66.05765241548809
0.09343563512361468; 65.2973911643043
0.09411764705882354; 64.70588235294116
0.09548167092924127; 64.19927492468284
0.09616368286445014; 63.60776611331971
0.09820971867007673; 62.84785497093221
0.0988917306052856; 62.25634615956908
0.09957374254049446; 61.66483734820595
0.10093776641091222; 61.15822991994762
0.10161977834612108; 60.56672110858448
0.10298380221653881; 59.97556240601766
0.10366581415174768; 59.29950232034604
0.10571184995737427; 58.62414245226704
0.10571184995737427; 58.116834806416094
0.10775788576300087; 57.44147493833708
0.10843989769820973; 56.84996612697395
0.10980392156862746; 56.25880742440713
0.11253196930946292; 54.9073874706565
0.11389599317988065; 53.89347239654722
0.11389599317988065; 53.386164750696274
0.11662404092071614; 52.11929607125413
0.11798806479113387; 51.6972399173043
0.1213981244671782; 50.00796497511601
0.12208013640238706; 49.41645616375288
0.12276214833759592; 48.82494735238975
0.12617220801364026; 47.473877507435425
0.12617220801364026; 46.96656986158449
0.13094629156010235; 44.939790039754854
0.13162830349531118; 44.34828122839171
0.13231031543052008; 43.756772417028586
0.13435635123614664; 42.99686127464109
0.13572037510656437; 42.32115129776578
0.1370843989769821; 41.560890046581974
0.13844842284739983; 41.05428261832364
0.14390451832907075; 38.68964780805635
0.14390451832907075; 38.182340162205406
0.1473145780051151; 36.662167768634106
0.15277067348678602; 34.63573805560077
0.15481670929241265; 33.6221730902878
0.15618073316283038; 32.861911839103996
0.1575447570332481; 32.27075313653717
0.1616368286445013; 30.5818283031452
0.16368286445012792; 30.244673532300155
0.16436487638533676; 29.484062172320037
0.16641091219096338; 28.724151029932557
0.1718670076726343; 27.035926414133186
0.17527706734867865; 25.853959117795853
0.1780051150895141; 24.840744261279198
0.18005115089514068; 24.503589490434152
0.1820971867007673; 23.49002452512117
0.18482523444160276; 22.815014765838484
0.18755328218243822; 22.140005006555782
0.18959931798806484; 21.464645138476783
0.19437340153452687; 20.452480608349035
0.19914748508098895; 19.4403160782213
0.20119352088661557; 18.849507484450783
0.20392156862745103; 18.428151548093567
0.2066496163682865; 17.753141788810865
0.20869565217391306; 17.415987017965833
0.21005967604433085; 16.9093795897075
0.21346973572037514; 16.319271213529603
0.21551577152600176; 15.897565168376076
0.21892583120204606; 15.138354243581176
0.22301790281329925; 14.379493427582617
0.22506393861892587; 14.211441205354575
0.22983802216538796; 13.368379223843803
0.23256606990622342; 13.031574561795068
0.23529411764705888; 12.694769899746333
0.23802216538789434; 12.273413963389117
0.24006820119352096; 12.02081046685258
0.24347826086956526; 11.515253364983167
0.24620630861040071; 11.262999977242927
0.24893435635123617; 10.841644040885711
0.25166240409207163; 10.589390653145458
0.25439045183290715; 10.252585991096737
0.25848252344416034; 9.747378998023635
0.2612105711849958; 9.495125610283395
0.26393861892583126; 9.15832094823466
0.2666666666666667; 8.90606756049442
0.2693947144075022; 8.653814172754181
0.2714407502131288; 8.654864499143102
0.28167092924126175; 7.560949565077337
0.285763000852515; 7.3093963949297205
0.28849104859335045; 7.057143007189481
0.2912190963341859; 6.804889619449241
0.29394714407502137; 6.637187506017483
0.29667519181585683; 6.554036666894234
0.2994032395566923; 6.3017832791539945
0.30213128729752775; 6.303183714339227
0.3048593350383632; 6.050930326598987
0.30758738277919867; 5.798676938858748
0.31031543052003413; 5.630974825427003
0.31304347826086965; 5.54782398630374
0.3157715260017051; 5.380121872871996
0.31849957374254056; 5.296971033748733
0.321227621483376; 5.21382019462547
0.3239556692242115; 4.96156680688523
0.32668371696504694; 4.793864693453486
0.3294117647058824; 4.626162580021742
0.3348678601875533; 4.290758353158239
0.3375959079283888; 4.292158788343471
0.34032395566922424; 4.293559223528703
0.34305200341005976; 4.210408384405454
0.3457800511508952; 4.211808819590686
0.3580562659846548; 3.6262518577647853
0.36078431372549025; 3.5431010186415364
0.3635123614663257; 3.375398905209792
0.36624040920716117; 3.292248066086543
0.3689684569479966; 3.2936485012717753
0.37169650468883214; 3.2950489364570075
0.3744245524296676; 3.127346823025249
0.37715260017050306; 3.128747258210481
0.3798806479113385; 2.961045144778737
0.382608695652174; 2.7933430313469785
0.38533674339300944; 2.7947434665322106
0.3880647911338449; 2.6270413531004806
0.39079283887468036; 2.6284417882857127
0.3935208866155158; 2.629842223470945
0.3962489343563513; 2.631242658656177
0.39897698209718674; 2.4635405452244186
0.40170502983802225; 2.4649409804096507
0.40579710144927544; 2.2979390845705296
0.4085251491901109; 2.299339519755762
0.41125319693094636; 2.300739954940994
0.4139812446717818; 2.302140390126226
0.4167092924126173; 2.218989551002963
0.41943734015345274; 2.1358387118796998
0.4221653878942882; 2.137239147064932
0.42421142369991477; 2.1382894734538667
0.4276214833759591; 1.8863861945099387
0.4303495311167946; 1.8032353553866898
0.43307757885763004; 1.804635790571922
0.4358056265984655; 1.7214849514486588
0.43853367433930096; 1.6383341123253956
0.4412617220801364; 1.6397345475106277
0.443989769820972; 1.64113498269586
0.44671781756180745; 1.642535417881092
0.4494458653026429; 1.6439358530663384
0.45217391304347837; 1.4762337396345941
0.45490196078431383; 1.4776341748198263
0.4576300085251493; 1.4790346100050584
0.46035805626598475; 1.3958837708817953
0.4630861040068202; 1.3127329317585321
0.46581415174765567; 1.3141333669437643
0.46854219948849113; 1.3155338021289964
0.4712702472293266; 1.3169342373142428
0.47399829497016205; 1.318334672499475
0.4767263427109975; 1.319735107684707
0.47945439045183297; 1.3211355428699392
0.48218243819266843; 1.153433429438195
0.4849104859335039; 1.154833864623427
0.48763853367433935; 1.1562342998086592
0.4903665814151748; 1.073083460685396
0.49309462915601027; 0.9899326215621329
0.4958226768968457; 0.9913330567473793
0.4978687127024724; 0.9923833831362998
